{
  "bases": [
    [
      -0.048025430020959846,
      0.12022672709393313,
      -0.06070180285844223,
      0.24760383666278113,
      -0.21958733615570375,
      0.4997528399115936,
      -0.42108413234268377,
      0.4874181871450771,
      -0.06545994167177714,
      -0.11610558575352428,
      0.09779835960240976,
      0.0946600597418714,
      -0.03684097822252562,
      -0.006239113841112615,
      -0.2569413596092689,
      0.001441537044134585,
      0.025953061329723442,
      0.18412180134238554,
      0.007447292328705073,
      -0.19887939785994607,
      -0.13447889350664538,
      -0.008217130888015577,
      -0.050896012844127814,
      0.04576379031529594,
      0.05977931249506423,
      0.03295363201945834
    ],
    [
      -0.07995026621764545,
      -0.08800746069184362,
      -0.07915762848883309,
      0.30717304029249265,
      -0.16820223407889984,
      0.6182259839244157,
      0.30841217304563207,
      -0.12374898807594881,
      0.07865980726122085,
      0.03933130284893552,
      -0.29887785712590115,
      -0.12731399517339725,
      -0.012110948107665706,
      0.0769576450148966,
      0.3312131073734498,
      -0.03270796440348363,
      -0.16927358216189495,
      -0.23640659036957185,
      -0.06032769766842227,
      0.16032802224424705,
      0.03783227610732104,
      0.07249880054842645,
      0.07845657647144716,
      0.03136500511836499,
      -0.07967923507618505,
      -0.011853333054321152
    ],
    [
      0.04629164513370691,
      -0.28866258385398597,
      -0.013925488937940739,
      0.2018590152010946,
      0.15438643074429298,
      0.18614217011605544,
      0.3169127538050063,
      -0.3855077808755863,
      -0.09478216899460273,
      -0.2425838884376468,
      0.17143598047300274,
      0.45824044927685553,
      0.08200261747724878,
      -0.10425733414715757,
      -0.25957597072591476,
      0.09120949150898952,
      0.05538735273209214,
      0.3241714607089413,
      0.004541033233590359,
      -0.026938091579743403,
      -0.1946770781108348,
      -0.08982298682253675,
      0.09179825632682413,
      0.024339534283955817,
      -0.026017375371712816,
      0.03151450238619291
    ],
    [
      0.09058627254239311,
      -0.28521987019168543,
      -0.15838900777472925,
      0.09616931258290101,
      0.10462648432337107,
      -0.04913400816250029,
      -0.16861381546247173,
      0.03914306859901393,
      -0.49837596432332254,
      -0.4312400213546057,
      -0.11973849824235058,
      -0.2506194016445678,
      0.3152628003572261,
      0.012423408197448402,
      0.0787048004068994,
      0.25127492559978665,
      0.12947942685352118,
      -0.26043340846885177,
      0.17253985721308296,
      0.012243009818859403,
      0.10156963883873796,
      -0.14697656828349967,
      -0.07365350096102474,
      0.019620391903729006,
      0.011727913421834872,
      -0.005984014625194682
    ],
    [
      0.003558025977368595,
      -0.3286651131936757,
      -0.09222828013909679,
      0.04519921021602552,
      0.4198599929148974,
      0.0019207227496765567,
      0.014080251826508558,
      0.12521910687610432,
      0.023878295212896767,
      -0.08138068273324581,
      0.15074727464022197,
      -0.11094830900744616,
      -0.2332421321512133,
      0.4211453935326805,
      0.2755695288514506,
      -0.22715784047832652,
      -0.19045149610119452,
      0.17999431158957196,
      0.11510903679583917,
      -0.2813953468550272,
      -0.1261231077396282,
      0.24813783170931017,
      -0.21172376165990298,
      -0.030114285175480537,
      0.05553070588752894,
      -0.01792982972903454
    ],
    [
      -0.03618287530879535,
      -0.3085311120011604,
      -0.0669018098332762,
      0.0772294116613555,
      0.3986330965952998,
      0.02568506790582957,
      -0.04009811624131375,
      0.3289385785855298,
      0.14686426425039814,
      0.14969157563046334,
      -0.06466989901340511,
      -0.012629400045086666,
      -0.37667039533230734,
      -0.3381728276031954,
      -0.05133777292422328,
      0.23673432871247863,
      0.18483797113174252,
      -0.008865394234791699,
      0.0065969489395663,
      0.44325425871114654,
      0.033847856674313816,
      0.01762821995111241,
      0.07196242843230641,
      0.1508002919398051,
      0.017515257996782208,
      6.502215931912785e-05
    ],
    [
      0.03906622490041488,
      -0.3693746826227378,
      -0.08215914175024373,
      0.1062111517078079,
      0.021976713883233336,
      -0.18430655245877747,
      0.016946567277401237,
      0.23527121401030857,
      0.2278590119033779,
      0.05383488079597128,
      -0.15241586259381584,
      -0.12828582801268884,
      0.34649916416823734,
      0.052621828982171714,
      -0.2824431409486474,
      -0.11854098578219595,
      -0.16836818681739057,
      -0.09526634183954583,
      -0.5087790158299565,
      -0.1210827696332367,
      -0.1598984088684976,
      -0.030322959487459975,
      0.2540821689186462,
      -0.13663186547189993,
      -0.1452775719226374,
      0.03149314645596968
    ],
    [
      0.061542195489242946,
      -0.3794652846549992,
      -0.021821819494325982,
      0.07221575765181175,
      -0.24323042833504938,
      0.003959195964018905,
      -0.019212160258835535,
      -0.039906827742986824,
      0.2607372370477092,
      0.16467773229732996,
      0.12135899855357964,
      0.012640527347439583,
      -0.053962527856355795,
      0.126333445732953,
      -0.005972366136397511,
      -0.319172319935902,
      0.3839242575273554,
      -0.11306866876904148,
      0.22323038873803167,
      -0.1618672943003149,
      0.2600414203168724,
      -0.4600078317239316,
      -0.008908948057282401,
      0.1789314917768189,
      0.07495391836739929,
      0.038234996974713206
    ],
    [
      0.08543749589774785,
      -0.35626468868691596,
      0.009481938380409033,
      0.046101021482460286,
      -0.34651625342227876,
      -0.07154544365390861,
      -0.18390770519084465,
      -0.14154718496262567,
      -0.030392434571860007,
      0.09967953416267143,
      -0.1459560879945422,
      0.1566873925128806,
      0.030964095217172805,
      -0.2225484488920968,
      0.054348057954653264,
      -0.07782355226238422,
      0.18957963810477868,
      0.02695281024386928,
      -0.09057847520029927,
      0.0671143689839085,
      -0.003234305653529248,
      0.5029287415421021,
      -0.3631474311132488,
      -0.27569194678146863,
      0.23428048057290707,
      -0.05663238371746063
    ],
    [
      0.14149722741884047,
      -0.3067441225532495,
      0.10165252390921661,
      -0.12061931638599567,
      -0.2520442166961171,
      -0.04691135888872766,
      -0.267104031920668,
      -0.05919541670397835,
      -0.2699403173254194,
      0.22149318976792612,
      -0.010095927177121107,
      0.010385888105429154,
      -0.03040045709787185,
      -0.05063599974456778,
      0.08536975061920397,
      -0.05141136488129411,
      -0.5613943419891986,
      0.28782975762037954,
      0.15127541171763842,
      0.19970923234930346,
      0.025791921626881535,
      -0.10048348511736774,
      0.1890118654941181,
      0.2468684578292405,
      -0.12296821005347955,
      0.039269856495949496
    ],
    [
      0.14777801386484585,
      -0.19777257655590308,
      0.2676692071018775,
      -0.2879594020524905,
      -0.07797557889644446,
      0.200587187495695,
      -0.0033083371369161674,
      -0.026446091679881788,
      -0.12329583987344864,
      0.2286173965817191,
      0.2741314009114214,
      0.026773516100817976,
      -0.18846384185091025,
      0.06049622456503642,
      0.1282354592113765,
      0.48374916105932086,
      0.07781440605981003,
      -0.29568397322589285,
      -0.2529053468663325,
      -0.3249571445964335,
      -0.18221563918075806,
      -0.040182346834872595,
      0.04663939331491465,
      -0.0295587487428299,
      -0.0491513042431447,
      -0.03408158999652269
    ],
    [
      0.1511525004084175,
      -0.11177574577629922,
      0.26520789278435797,
      -0.3841473256027991,
      0.010710225927834993,
      0.23024293404747054,
      0.16247109848465352,
      0.08945201464267488,
      -0.05524962339537984,
      -0.18274980502819513,
      -0.12048297099497968,
      -0.023003812607778555,
      -0.14326135335134985,
      0.23656172953117427,
      -0.5273210751003382,
      -0.15605028869322962,
      -0.09200653981898953,
      -0.18131941319764538,
      0.19044670083517093,
      0.17536486126213285,
      0.21094142518769926,
      0.14074543615221927,
      0.06117440475511279,
      -0.20414085293804174,
      0.10105765345751108,
      -0.023046492367328114
    ],
    [
      0.10431455156472816,
      -0.07710507763626802,
      0.2238112024343768,
      -0.42871468025598913,
      -0.10990942835539134,
      0.0805064322354889,
      0.21421722446586022,
      0.3014267253972855,
      0.24455270409044128,
      -0.3434901705292634,
      -0.22840511628694016,
      0.005140812216595715,
      0.2013570432399405,
      -0.20721536466855928,
      0.3243677559721604,
      -0.012796741503352733,
      0.10420522328664159,
      0.28626991867019663,
      0.021984456458362514,
      -0.04048075424190398,
      -0.1730388940927991,
      -0.09238894784174312,
      -0.12058194329327113,
      0.15465039601482208,
      -0.033455140220126786,
      0.04630123959959388
    ],
    [
      0.0349276037410994,
      0.02556836638079395,
      -0.2808148094684592,
      -0.2999945825346334,
      0.20522328880432456,
      0.13252589103271536,
      -0.4742199162323269,
      -0.19742037944153593,
      0.2344370935492915,
      -0.10356533137333739,
      -0.2739777085245599,
      0.4760756175608974,
      0.03815109000683288,
      0.23450973269013112,
      0.13237233068693655,
      0.03842423217065801,
      -0.0348412411534408,
      -0.13486744813366597,
      -0.12835134819747632,
      0.07648515192964397,
      0.037196936819558823,
      -0.1070931736829424,
      0.06774241633788207,
      0.013621802195105349,
      0.050063692743918926,
      -0.03202150275606022
    ],
    [
      0.058608133218942704,
      -0.019663640544212647,
      -0.30753533082298556,
      -0.29733729865513886,
      0.12084931380906427,
      0.331855250627041,
      -0.14285591619373103,
      -0.29899680844079757,
      0.1993102928083187,
      0.176671460565858,
      0.2122915918274804,
      -0.5138147110897519,
      0.24765592824588809,
      -0.1398369935618428,
      -0.14666451347206205,
      0.04231839389401054,
      0.08391071504461095,
      0.22883940124800728,
      0.10065241169477403,
      0.04887589054329168,
      -0.06774684631517433,
      0.04457551277062847,
      -0.050335991930561,
      -0.10232527663325068,
      -0.052017112422351935,
      -0.015393506445807
    ],
    [
      0.10811648729940296,
      0.06088655181146182,
      -0.35822642345109407,
      -0.1460443318615483,
      0.034635679690535305,
      -0.0016165193215023424,
      0.2735591145675259,
      0.15684229793871055,
      -0.3260050036328121,
      0.48144589067346555,
      -0.4453962731636644,
      0.13043343036207888,
      0.05050947734660215,
      0.113235888093264,
      -0.13043421198402116,
      0.03404153379036052,
      0.16459760077064323,
      0.09929050807072362,
      0.17234647334694092,
      -0.20059328298736837,
      -0.16806214095479435,
      0.004357684112135518,
      -0.04629095350387151,
      0.09275493950921265,
      0.0014977131306477542,
      0.03744584310211508
    ],
    [
      0.22047684529923917,
      0.029913724927640287,
      -0.3354793810478182,
      -0.12321714493614351,
      0.046288898808091714,
      0.05672491325066055,
      0.18065135591434095,
      0.18061718121471088,
      0.014757837010551902,
      -0.01475732091405522,
      0.3591287128995641,
      0.23604370100991656,
      0.17011728438094925,
      -0.34886771286080703,
      0.022129431098059836,
      -0.14109471202220572,
      -0.2549071912187824,
      -0.322164294136767,
      0.007225149066159329,
      -0.1414353725624029,
      0.2905796023576941,
      0.2280915386158376,
      -0.07171883926330905,
      0.2467730023039306,
      0.0044961860477873514,
      0.0680448775721057
    ],
    [
      0.2156698352719037,
      0.05347231890630212,
      -0.32566536917800626,
      -0.13213376968820062,
      -0.17766153755213007,
      -0.04385984171946493,
      -0.0012010068294064289,
      -0.053886241300478,
      -0.22028485878985282,
      -0.26300856908735026,
      0.0635149998257488,
      -0.11051683858576324,
      -0.43178006893776966,
      -0.13479956646068397,
      0.09610854685161159,
      -0.3780794171814846,
      0.19633590270107487,
      -0.06163621997704565,
      -0.1651590130220226,
      0.06200903155639734,
      -0.3106649237376179,
      -0.00997791983699661,
      0.32947543445132077,
      -0.07602686567564579,
      -0.10221207927337371,
      -0.0715642976768188
    ],
    [
      0.28475118228784524,
      0.0481903605495161,
      -0.23265792567881163,
      0.01365577048445956,
      -0.17376595582832827,
      -0.021795377946985335,
      0.18454064889696387,
      0.1837047225532151,
      -0.039085756159259556,
      -0.014596848224385622,
      0.2030563931569468,
      0.007317677601953667,
      0.0260985701559094,
      0.3584610617793855,
      0.13037869928568244,
      0.24360892827036745,
      0.08728345816862274,
      0.3703945131776363,
      -0.31135473012228443,
      0.26616732790190567,
      0.3862721391422131,
      -0.0463473129333559,
      0.0416647220359466,
      -0.13466035573889518,
      0.16311336410099891,
      -0.06952312677079839
    ],
    [
      0.3245513423227352,
      0.05977604250278763,
      -0.13540670980610423,
      0.11210967818765738,
      -0.02008386901651997,
      -0.05170134318472513,
      0.06810383847266414,
      -0.07595940370923718,
      0.1532838096829443,
      -0.07267857713861839,
      -0.17465112662514914,
      -0.1056436930116445,
      -0.28883541643758354,
      -0.20116451007420647,
      -0.1227612907399762,
      0.13137417746590446,
      -0.384484769218625,
      -0.03706917196859602,
      -0.035564188678407105,
      -0.1173415757884311,
      -0.07523444017666414,
      -0.4320261639687561,
      -0.4103267646116449,
      -0.20130606477005575,
      0.23213229747360647,
      -0.0268352415057967
    ],
    [
      0.3285830549513143,
      0.016312987717666733,
      -0.06654581612822304,
      0.1627059124195824,
      -0.11734316163777404,
      -0.11560670524319198,
      -0.06426387720274396,
      -0.006484483542331086,
      0.2884883181352652,
      -0.10562556394183727,
      -0.11792695257200875,
      0.030751261824557168,
      -0.1301650053099113,
      0.02069360694191953,
      0.0035456788429191217,
      0.2837761808870731,
      0.039838436283435426,
      0.04858224435424948,
      0.3516380573637065,
      -0.19400726409323427,
      0.1377140137039593,
      0.23453469158909518,
      0.1819871287659616,
      -0.19732165702113164,
      -0.5152772138061765,
      0.21363298254029628
    ],
    [
      0.33280811236713337,
      0.07866737058479314,
      0.013273442776677071,
      0.121466313506164,
      -0.12703956796487795,
      -0.10549732555760932,
      -0.0024556609830037046,
      -0.04517387059593454,
      0.17443697276050824,
      -0.028059159576558933,
      0.12058955315232801,
      -0.04518225716892897,
      0.09727578945933446,
      0.32511627614044214,
      -0.13671368793301344,
      0.07348765837043619,
      0.04439442397493729,
      -0.19981384881448788,
      0.0597965705449543,
      0.34332012763061975,
      -0.4575425949682088,
      0.1478847789668758,
      -0.20169926079899875,
      0.45037163618861803,
      0.047698615936270075,
      0.10678550691105912
    ],
    [
      0.3133006669244339,
      0.08347510709804654,
      0.20046438395148605,
      0.10898853709111081,
      0.1691575653956588,
      0.07095854471970195,
      -0.08914461935785023,
      -0.11003914007740269,
      -0.06441698175039466,
      0.008086425747526922,
      -0.16512645783952423,
      -0.066339092794161,
      -0.031120856297663983,
      -0.038050675258835445,
      -0.10283878977466276,
      -0.12790290819846517,
      0.11516454001163713,
      0.10536590229696641,
      -0.23746452695784964,
      -0.12520722073586288,
      0.227722751347057,
      0.06514815467846213,
      -0.17404156369981727,
      0.3233592729116392,
      -0.3282548568683716,
      -0.5733546015488975
    ],
    [
      0.28585588107323534,
      0.10530963807184889,
      0.22981723527480186,
      0.06464449214770514,
      0.24704034900420285,
      0.12472213328858164,
      -0.10569478707731982,
      -0.10549903270444774,
      -0.17627124627706564,
      0.07617696347196831,
      -0.08893848345167682,
      -0.06868224330670478,
      -0.010288845764547307,
      -0.049948177145719246,
      0.05394091069883947,
      -0.2096271473371384,
      0.12724985817272066,
      0.06376380374543447,
      -0.2841918344465024,
      -0.006028772395922796,
      0.1476047190787895,
      -0.020468998857756274,
      -0.07208529132606713,
      0.022145717983315005,
      0.014352274003163983,
      0.7233265363819883
    ],
    [
      0.29724714456448154,
      0.07247237666472056,
      0.16713426552437402,
      0.1074616564157328,
      0.18436556673829,
      0.09054595327055644,
      -0.03304001480830669,
      0.19539327922469532,
      -0.06595847960527992,
      0.22458896212344331,
      0.18104113173288874,
      0.2026809288540354,
      0.26279909556262976,
      -0.03008980343633812,
      0.20488963394061183,
      -0.21343568511295008,
      0.028310569714162046,
      -0.11032541045386118,
      0.19943738129348673,
      0.2612851064082283,
      -0.20179889487806357,
      -0.20762133331527144,
      -0.04898954650153722,
      -0.47285772627877637,
      -0.18453183228945166,
      -0.18549110191494106
    ],
    [
      0.3264813959709568,
      0.08214745213508141,
      0.15392545505276903,
      0.1578387848081253,
      0.12739934473485684,
      0.004236568595672764,
      -0.05456736568726548,
      -0.03898785609737423,
      0.10155655396131356,
      0.03997884578413897,
      -0.09809711400480577,
      -0.08380333854316765,
      0.11528434368441523,
      -0.10353907676957687,
      0.10170080387886696,
      0.03171073057063064,
      0.0063306645986544,
      0.030615857211024017,
      0.16349527516652937,
      -0.19631487693957303,
      -0.03159389748115835,
      0.13623956587902702,
      0.5195620863501197,
      0.056458772748849986,
      0.6078030380948546,
      -0.15820214900803886
    ]
  ],
  "mean": [
    9.414691248821328e-16,
    -1.2212453270876723e-16,
    1.7763568394002505e-17,
    1.7763568394002505e-17,
    2.6645352591003756e-17,
    -8.881784197001253e-18,
    3.9968028886505634e-17,
    -6.661338147750939e-18,
    -1.7763568394002505e-17,
    3.552713678800501e-17,
    1.7763568394002505e-17,
    0.0,
    1.7763568394002505e-17,
    -5.329070518200751e-17,
    3.9968028886505634e-17,
    1.0658141036401502e-16,
    -4.4408920985006264e-17,
    8.881784197001253e-17,
    -7.105427357601002e-17,
    -1.7763568394002505e-17,
    7.105427357601002e-17,
    3.552713678800501e-17,
    -1.7763568394002505e-17,
    -7.105427357601002e-17,
    0.0,
    -8.881784197001253e-17
  ],
  "rows": 26,
  "values": [
    26.459954554181582,
    22.341723997923516,
    18.16705710074265,
    14.354719927334898,
    12.066941461546424,
    10.907465161272844,
    9.784869548971963,
    8.923973206284035,
    8.254387527198336,
    7.557143613624194,
    7.091500747663446,
    6.746333843594814,
    6.473044827224576,
    5.665864911416394,
    4.7960319609888575,
    4.689920468298975,
    4.109221294691792,
    3.824456644962449,
    3.596445194777245,
    3.405406127050668,
    2.9783460467606973,
    2.452224766164829,
    2.268667732615244,
    2.1079865329410397,
    1.7773092543490026,
    0.964063709497343
  ]
}
